000076
000111
000240
000252
000293
000299
000310
000504
000507
000571
000607
000624
000629
000634
000696
000737
000743
000788
000809
000875
000883
000894
000942
000986
001141
001188
001307
001459
001476
001505
001508
001605
001635
001745
001770
001811
001867
001893
001916
002144
002232
002294
002297
002338
002383
002394
002484
002582
002676
002719
002748
002789
002882
003014
003050
003101
003221
003321
003414
003486
003512
003515
003617
003631
003967
004006
004218
004243
004248
004268
004276
004377
004513
004764
004769
004862
004959
004980
005105
005447
005532
005612
005771
005842
005849
005866
006082
006137
006226
006307
006380
006471
006478
006490
006531
006581
006693
006851
006885
006984
007060
007082
007267
007335
007339
007352
007380
007382
007415
007589
007645
007676
007726
007741
007818
007849
007904
007969
008035
008055
008090
008161
008217
008231
008357
008373
008383
008447
008464
008501
008531
008579
008593
008708
008734
008797
008828
008895
008910
008998
009013
009031
009111
009125
009169
009261
009284
009356
009376
009379
009430
009631
009643
009804
009811
009818
009854
